1557
1749
789
1503
285
1961
135
543
1467
617
1303
1653
167
1789
1173
1315
883
1975
1631
1511
51
1819
179
477
1069
151
1357
623
529
843
311
707
1115
63
581
403
1945
1149
343
139
1785
577
1909
387
1615
75
1625
231
1447
425
1675
57
691
53
137
521
685
1831
1227
1103
723
875
1537
597
989
2031
1715
409
1931
1973
1965
561
943
1623
141
1901
1235
847
1265
459
1883
201
961
745
1661
1807
447
1469
1875
593
1999
495
715
1157
1027
1665
395
385
653
1377
113
1701
965
1735
679
1743
1307
1191
1461
1983
1509
995
1953
1063
1547
1829
277
177
1487
223
1969
861
369
1541
299
793
571
1159
1489
109
65
1181
1519
1591
67
567
453
1111
667
1317
1769
147
923
1141
435
833
1237
1725
931
1385
765
785
283
1927
817
911
657
417
913
1359
645
635
1605
2035
273
313
1349
1285
1433
737
55
279
463
1465
2033
643
937
1705
1431
1369
759
893
1439
1987
507
105
427
1857
1893
155
607
1323
1207
519
771
1011
1863
1943
31
1003
5
265
1387
1109
971
1415
899
1117
1719
2007
267
881
1967
845
953
341
963
1535
1905
1453
233
1375
221
797
1513
993
1393
1809
423
541
831
469
1345
1163
1239
405
1179
1213
1035
383
241
1269
187
1923
125
1649
1197
1839
1059
1113
1007
1499
1697
1023
1667
1411
1083
781
1887
907
1525
1413
1271
1005
491
1457
619
1835
1121
1891
373
1171
767
1379
91
1077
1517
165
1397
99
7
1685
1257
1243
889
1295
1613
1133
1847
85
347
1043
271
1215
1039
733
11
855
345
1185
713
1687
1079
869
901
1755
731
17
1897
1731
1067
977
1297
2003
1481
821
809
1861
1979
183
1337
697
339
1707
1177
1261
249
1603
729
327
169
1333
1683
1045
867
979
1757
23
753
381
513
329
317
741
1443
247
227
579
1721
411
1107
461
1129
739
1139
1813
1441
1451
603
1437
1331
1767
1249
1843
1695
663
611
1533
1189
721
877
2023
379
219
533
1329
615
501
1267
1949
1869
319
215
131
955
1195
583
683
95
815
1827
1645
445
891
1627
677
1501
1621
145
829
555
421
1885
1913
1395
1001
1955
509
575
1639
1795
1699
1209
1459
1475
1935
353
1977
749
81
1075
295
1435
1611
13
531
1273
175
29
1703
359
1775
45
351
1403
1081
1463
481
835
983
921
431
261
1339
15
1751
1299
499
647
871
1089
559
269
727
251
1367
2027
1917
1567
1399
717
1833
1859
1609
391
2045
795
811
2047
389
1247
841
1679
927
1071
1203
1289
1169
47
1941
465
681
1971
535
1145
1739
545
857
649
83
361
1595
511
1483
237
763
1279
19
573
1799
333
413
39
41
25
985
1389
1753
987
1277
1505
1745
1599
1151
1025
1523
323
999
527
1691
1551
1095
1781
1407
709
1137
669
1143
457
487
287
1471
1085
181
1741
407
1283
437
1763
1663
1693
235
1183
59
259
1845
941
799
153
301
1635
703
1479
2009
503
243
605
1167
1997
539
335
719
1879
189
371
263
173
1241
1573
1309
905
725
1521
1911
1555
1419
1353
117
849
211
587
655
1355
1221
1301
1569
77
1561
115
621
661
1417
1161
245
1959
1029
517
1737
1585
1187
1717
853
1293
947
1037
1867
393
1225
671
1155
1985
549
1491
969
1135
1849
73
1783
1671
1391
865
441
2005
1119
839
909
859
803
1033
1759
1937
1313
1773
1229
397
1803
1493
1429
1583
1571
1771
419
1097
1255
1105
2043
1053
439
631
415
1305
1657
1729
863
1245
1153
375
895
1311
705
2039
1539
689
2041
637
2037
1553
557
1087
1853
2025
1709
1871
1365
903
1851
103
997
199
1855
1939
735
1577
1401
1903
525
209
1873
1065
159
1581
2015
837
161
1515
455
1125
303
747
49
1915
97
673
1823
1811
1421
1597
1677
1041
773
585
1529
1821
1559
569
205
515
275
743
1017
291
1495
1727
1015
783
1919
1101
1593
757
127
1765
297
505
805
1659
293
1563
599
433
1123
1669
475
1347
485
1933
553
919
665
89
639
1013
471
1251
711
21
1589
71
695
917
1405
801
1477
1199
823
363
675
1647
1147
1061
1327
819
337
443
887
1723
1641
939
1233
497
1127
229
1021
123
1921
629
777
1565
1575
1865
1989
1335
1815
305
991
613
935
813
1779
61
1713
827
79
489
1643
1797
1777
1991
365
659
33
755
633
193
1175
93
1409
1321
171
1633
897
1607
321
401
1711
1049
129
1877
1507
43
1231
1381
1343
885
1485
399
693
2029
1055
355
873
945
149
1881
925
565
1579
2017
967
1733
207
1549
699
309
1319
281
239
1981
537
1545
1165
1787
1019
1793
483
651
1091
1925
111
609
523
1791
1455
825
591
1051
761
951
1761
1655
1673
933
185
1031
1805
1073
1341
1
133
107
851
1351
2013
1201
253
627
929
1929
1543
1619
1993
349
357
1629
1473
2011
217
1253
1817
307
959
701
981
197
367
1099
769
551
601
1205
1193
1951
163
1947
1217
449
195
787
1527
1825
791
1601
87
479
1361
315
775
37
973
101
1445
1383
1263
1047
157
1637
957
1423
429
289
1131
203
1899
1957
473
1651
3
255
975
1801
1747
467
1841
325
1363
1531
1587
1889
1681
213
257
1009
1057
9
2001
451
1211
641
563
1291
121
1837
35
1093
1275
377
779
547
27
2021
949
1995
1281
1219
1497
1963
2019
1259
69
225
1427
1449
1617
1223
915
331
1287
1373
807
1371
589
493
751
687
1425
1325
595
879
1689
191
143
1895
625
1907
119